image: mymap.pgm
resolution: 1.000000
origin: [-75.000000, -199.100000, 0.000000]
negate: 0
occupied_thresh: 0.65
free_thresh: 0.196

